Gauss: (0.0961575 0.0447837 0.0287476 0.0210158 0.0164943 0.0135395 0.0114629 0.00992677 0.00874602 0.00781115 0.00705327 0.00642689 0.0059008 0.00545292 0.00506717 0.00473155 0.00443698 0.00417641 0.00394434 0.00373636 )
Gauss_nev: 1.11022e-16
Zeidel: (0.0961575 0.0447838 0.0287476 0.0210158 0.0164943 0.0135395 0.011463 0.00992678 0.00874602 0.00781116 0.00705327 0.00642689 0.0059008 0.00545292 0.00506716 0.00473155 0.00443698 0.00417641 0.00394434 0.00373636 )
Zeidel_nev: 7.73398e-07
